340.276	-7.152774169E0
340.656	-7.152774169E0
341.035	-7.152774169E0
341.415	-78.46296052E0
341.794	-85.76733821E0
342.174	-88.04909973E0
342.553	-89.63879543E0
342.933	-89.39211851E0
343.312	-82.09459296E0
343.692	-73.85832468E0
344.071	-54.81623686E0
344.45	-43.91448742E0
344.83	-24.18718594E0
345.209	-8.523201504E0
345.588	15.24000848E0
345.967	36.4131108E0
346.346	58.75107635E0
346.725	74.93582317E0
347.104	1.010835767E2
347.483	1.209410688E2
347.862	1.471093787E2
348.241	1.695021614E2
348.62	1.921827338E2
348.999	2.121909729E2
349.377	2.286361009E2
349.756	2.504464519E2
350.135	2.718525269E2
350.514	2.888595301E2
350.892	3.057568991E2
351.271	3.200778648E2
351.649	3.371945022E2
352.028	3.495009396E2
352.406	3.627324156E2
352.785	3.761351949E2
353.163	3.831997478E2
353.541	3.9574601E2
353.92	4.043728501E2
354.298	4.119718697E2
354.676	4.146304987E2
355.054	4.221678491E2
355.433	4.231819653E2
355.811	4.292529584E2
356.189	4.306576464E2
356.567	4.36605301E2
356.945	4.334533182E2
357.323	4.3535136E2
357.701	4.320760387E2
358.078	4.353719164E2
358.456	4.358241574E2
358.834	4.335218395E2
359.212	4.321582643E2
359.59	4.273206558E2
359.967	4.294311139E2
360.345	4.283895892E2
360.722	4.251485285E2
361.1	4.237095798E2
361.477	4.18755485E2
361.855	4.155623893E2
362.232	4.11636115E2
362.61	4.103616176E2
362.987	4.097654817E2
363.364	4.062914484E2
363.742	4.069012885E2
364.119	3.972808887E2
364.496	3.993981989E2
364.873	3.961776947E2
365.25	3.94039828E2
365.627	3.936561084E2
366.004	3.920664127E2
366.381	3.856870734E2
366.758	3.89325558E2
367.135	3.879003136E2
367.512	3.88174399E2
367.889	3.842823854E2
368.266	3.848716691E2
368.643	3.829051059E2
369.019	3.846935136E2
369.396	3.797188624E2
369.773	3.863311743E2
370.149	3.845701751E2
370.526	3.826173162E2
370.902	3.861598708E2
371.279	3.849607469E2
371.655	3.862352443E2
372.031	3.872150999E2
372.408	3.872082477E2
372.784	3.793831077E2
373.16	3.844057239E2
373.537	3.861598708E2
373.913	3.839466307E2
374.289	3.878660529E2
374.665	3.860639409E2
375.041	3.881127298E2
375.417	3.865093298E2
375.793	3.863517307E2
376.169	3.935533263E2
376.545	3.874823332E2
376.921	3.943961391E2
377.297	3.928269998E2
377.672	3.922925332E2
378.048	3.914702768E2
378.424	3.956500801E2
378.8	3.950128314E2
379.175	3.941083494E2
379.551	3.979455459E2
379.926	3.986239074E2
380.302	3.928269998E2
380.677	3.980346237E2
381.053	3.982675963E2
381.428	4.009673382E2
381.803	3.972055152E2
382.179	3.988157673E2
382.554	4.018512638E2
382.929	3.98349822E2
383.304	3.968423519E2
383.68	4.047497176E2
384.055	4.037767142E2
384.43	4.037493057E2
384.805	3.995695023E2
385.18	4.079976304E2
385.555	4.004328715E2
385.93	4.037081929E2
386.304	4.05770686E2
386.679	4.037493057E2
387.054	4.043454416E2
387.429	4.023172091E2
387.803	4.044550758E2
388.178	4.059762501E2
388.553	4.05016951E2
388.927	4.068944364E2
389.302	4.068601757E2
389.676	4.07175374E2
390.051	4.102245748E2
390.425	4.063531176E2
390.799	4.06524421E2
391.174	4.071137048E2
391.548	4.052841843E2
391.922	4.039617219E2
392.297	4.066272031E2
392.671	4.077235449E2
393.045	4.055445655E2
393.419	4.0998475E2
393.793	4.041878424E2
394.167	4.080387432E2
394.541	4.088130347E2
394.915	4.107658936E2
395.289	4.104301389E2
395.663	4.086143227E2
396.036	4.083196808E2
396.41	4.08326533E2
396.784	4.073672338E2
397.158	4.113414731E2
397.531	4.162818637E2
397.905	4.104301389E2
398.278	4.146853158E2
398.652	4.122596594E2
399.025	4.116772278E2
399.399	4.121089124E2
399.772	4.144249346E2
400.145	4.205233363E2
400.519	4.214072619E2
400.892	4.153705295E2
401.265	4.161311166E2
401.638	4.218526508E2
402.012	4.178372987E2
402.385	4.135478611E2
402.758	4.203520328E2
403.131	4.156857278E2
403.504	4.211331764E2
403.877	4.175974739E2
404.25	4.152403389E2
404.622	4.154870158E2
404.995	4.199340525E2
405.368	4.20461667E2
405.741	4.160625953E2
406.114	4.218457986E2
406.486	4.247442524E2
406.859	4.194201422E2
407.231	4.240864473E2
407.604	4.198929397E2
407.976	4.215237482E2
408.349	4.239151439E2
408.721	4.244359063E2
409.094	4.214004097E2
409.466	4.229832533E2
409.838	4.247785131E2
410.21	4.229901055E2
410.583	4.230928875E2
410.955	4.223939696E2
411.327	4.254020576E2
411.699	4.238055097E2
412.071	4.229764012E2
412.443	4.307672806E2
412.815	4.253609447E2
413.187	4.234354943E2
413.559	4.214826354E2
413.931	4.240453345E2
414.302	4.246962875E2
414.674	4.290953592E2
415.046	4.269232319E2
415.418	4.287527524E2
415.789	4.255528046E2
416.161	4.297805729E2
416.532	4.27478255E2
416.904	4.262174618E2
417.275	4.251690849E2
417.647	4.247305482E2
418.018	4.271562046E2
418.389	4.301437361E2
418.761	4.242097858E2
419.132	4.296640866E2
419.503	4.264846952E2
419.874	4.235656849E2
420.245	4.253129798E2
420.617	4.286705268E2
420.988	4.297805729E2
421.359	4.294927832E2
421.73	4.269849011E2
422.101	4.320623344E2
422.471	4.296914951E2
422.842	4.302328139E2
423.213	4.305000472E2
423.584	4.292392541E2
423.955	4.347141113E2
424.325	4.257926294E2
424.696	4.339124113E2
425.066	4.308358019E2
425.437	4.316169455E2
425.807	4.33343684E2
426.178	4.281223558E2
426.548	4.35502107E2
426.919	4.330627464E2
427.289	4.289925772E2
427.659	4.31390825E2
428.03	4.32541984E2
428.4	4.295887131E2
428.77	4.321514122E2
429.14	4.297257558E2
429.51	4.297326079E2
429.88	4.317334318E2
430.25	4.296298259E2
430.62	4.310961831E2
430.99	4.313360079E2
431.36	4.342824267E2
431.73	4.351732045E2
432.1	4.330216335E2
432.47	4.346592942E2
432.839	4.335835087E2
433.209	4.347209634E2
433.579	4.333094233E2
433.948	4.328092173E2
434.318	4.307604284E2
434.687	4.333162754E2
435.057	4.353582121E2
435.426	4.323706806E2
435.796	4.372836626E2
436.165	4.350772745E2
436.534	4.377427557E2
436.903	4.390446617E2
437.273	4.34700407E2
437.642	4.330695985E2
438.011	4.318773267E2
438.38	4.36502519E2
438.749	4.347963369E2
439.118	4.338301857E2
439.487	4.402506377E2
439.856	4.347689284E2
440.225	4.365710403E2
440.594	4.365641882E2
440.963	4.355158113E2
441.331	4.3224049E2
441.7	4.378112771E2
442.069	4.386335335E2
442.437	4.351320916E2
442.806	4.407302873E2
443.174	4.344057652E2
443.543	4.394969027E2
443.911	4.361256515E2
444.28	4.375920087E2
444.648	4.3535136E2
445.017	4.366190053E2
445.385	4.354404378E2
445.753	4.373110711E2
446.121	4.392159651E2
446.489	4.385238993E2
446.858	4.332134934E2
447.226	4.343715045E2
447.594	4.404973147E2
447.962	4.379688762E2
448.33	4.383251873E2
448.698	4.400519258E2
449.066	4.409358514E2
449.433	4.40463054E2
449.801	4.359132352E2
450.169	4.354815506E2
450.537	4.418471856E2
450.904	4.412030847E2
451.272	4.376331215E2
451.639	4.37304219E2
452.007	4.361187993E2
452.375	4.353170993E2
452.742	4.384690822E2
453.109	4.366395617E2
453.477	4.384485258E2
453.844	4.379688762E2
454.211	4.395654241E2
454.579	4.384622301E2
454.946	4.345839207E2
455.313	4.423336873E2
455.68	4.406686181E2
456.047	4.417649599E2
456.414	4.381127711E2
456.781	4.405932446E2
457.148	4.405247232E2
457.515	4.373110711E2
457.882	4.418608898E2
458.249	4.388870625E2
458.615	4.401204471E2
458.982	4.394763463E2
459.349	4.409975206E2
459.716	4.410317813E2
460.082	4.407782523E2
460.449	4.376536779E2
460.815	4.396407976E2
461.182	4.43121683E2
461.548	4.409906685E2
461.915	4.451978804E2
462.281	4.369342036E2
462.647	4.391337395E2
463.014	4.427105548E2
463.38	4.407097309E2
463.746	4.40613801E2
464.112	4.399697001E2
464.478	4.392570779E2
464.844	4.401272993E2
465.21	4.3775646E2
465.576	4.438959744E2
465.942	4.391268873E2
466.308	4.398669181E2
466.674	4.425049907E2
467.04	4.390378095E2
467.405	4.419568198E2
467.771	4.468423932E2
468.137	4.409427035E2
468.502	4.424501736E2
468.868	4.442111727E2
469.234	4.406686181E2
469.599	4.438822702E2
469.965	4.42169236E2
470.33	4.384416737E2
470.695	4.454445573E2
471.061	4.409906685E2
471.426	4.410591899E2
471.791	4.442865462E2
472.156	4.417375514E2
472.522	4.406686181E2
472.887	4.448826821E2
473.252	4.447867522E2
473.617	4.446634137E2
473.982	4.459584676E2
474.347	4.441083907E2
474.712	4.472946342E2
475.077	4.445126667E2
475.441	4.448963864E2
475.806	4.444304411E2
476.171	4.474111206E2
476.536	4.46931471E2
476.9	4.395037548E2
477.265	4.466984983E2
477.629	4.48185412E2
477.994	4.511935E2
478.358	4.483224547E2
478.723	4.500697496E2
479.087	4.508783017E2
479.452	4.470274009E2
479.816	4.465134907E2
480.18	4.472535214E2
480.544	4.495969522E2
480.908	4.482128205E2
481.273	4.505699556E2
481.637	4.496928821E2
482.001	4.505973641E2
482.365	4.531600632E2
482.729	4.519061222E2
483.093	4.492132325E2
483.457	4.557501709E2
483.82	4.55757023E2
484.184	4.547634632E2
484.548	4.572302324E2
484.912	4.545990119E2
485.275	4.51796488E2
485.639	4.517759316E2
486.002	4.571548589E2
486.366	4.53201176E2
486.729	4.528174564E2
487.093	4.547840196E2
487.456	4.54804576E2
487.82	4.55654241E2
488.183	4.5670947E2
488.546	4.592310563E2
488.909	4.576070999E2
489.273	4.608961255E2
489.636	4.623624828E2
489.999	4.64527758E2
490.362	4.595942196E2
490.725	4.619445024E2
491.088	4.6222544E2
491.451	4.619376503E2
491.814	4.664052434E2
492.177	4.636232759E2
492.539	4.631710349E2
492.902	4.58765111E2
493.265	4.645209058E2
493.628	4.615128178E2
493.99	4.66836928E2
494.353	4.669739708E2
494.715	4.631299221E2
495.078	4.658981853E2
495.44	4.660900451E2
495.803	4.674330639E2
496.165	4.691392459E2
496.527	4.656926212E2
496.89	4.672343519E2
497.252	4.664395041E2
497.614	4.689884989E2
497.976	4.675426981E2
498.338	4.68090869E2
498.7	4.656446562E2
499.062	4.660489323E2
499.424	4.691460981E2
499.786	4.69194063E2
500.148	4.707769066E2
500.51	4.64979999E2
500.872	4.627119417E2
501.234	4.668232237E2
501.595	4.701328058E2
501.957	4.698587203E2
502.319	4.66583399E2
502.68	4.689131254E2
503.042	4.682347639E2
503.403	4.696051912E2
503.765	4.702561442E2
504.126	4.71249704E2
504.487	4.641851511E2
504.849	4.714552681E2
505.21	4.696531562E2
505.571	4.776358954E2
505.932	4.678784528E2
506.294	4.695229656E2
506.655	4.70393187E2
507.016	4.736273955E2
507.377	4.725721664E2
507.738	4.70448004E2
508.099	4.723940109E2
508.46	4.731066331E2
508.82	4.707494981E2
509.181	4.686047793E2
509.542	4.709276536E2
509.903	4.675906631E2
510.263	4.702081793E2
510.624	4.691872109E2
510.985	4.689747947E2
511.345	4.706741246E2
511.706	4.705713425E2
512.066	4.713387818E2
512.426	4.674810289E2
512.787	4.716334237E2
513.147	4.742646442E2
513.507	4.701396579E2
513.868	4.707494981E2
514.228	4.702492921E2
514.588	4.672343519E2
514.948	4.735931348E2
515.308	4.69289993E2
515.668	4.677482622E2
516.028	4.666245118E2
516.388	4.604575888E2
516.748	4.66336722E2
517.108	4.644112716E2
517.468	4.672412041E2
517.827	4.650690768E2
518.187	4.682690246E2
518.547	4.700368758E2
518.906	4.731751544E2
519.266	4.698998331E2
519.625	4.746141031E2
519.985	4.708111673E2
520.344	4.71599163E2
520.704	4.746483638E2
521.063	4.681114254E2
521.422	4.737644382E2
521.782	4.753335775E2
522.141	4.71448416E2
522.5	4.722569681E2
522.859	4.691392459E2
523.218	4.751622741E2
523.577	4.730860767E2
523.936	4.706878288E2
524.295	4.711674784E2
524.654	4.743400177E2
525.013	4.736753604E2
525.372	4.736822126E2
525.731	4.699340938E2
526.089	4.690296118E2
526.448	4.67337134E2
526.807	4.695777827E2
527.165	4.718047271E2
527.524	4.677345579E2
527.882	4.763202852E2
528.241	4.726269835E2
528.599	4.723460459E2
528.958	4.69694269E2
529.316	4.738329596E2
529.674	4.744907647E2
530.033	4.721541861E2
530.391	4.732299715E2
530.749	4.740385237E2
531.107	4.724899408E2
531.465	4.725927228E2
531.823	4.722980809E2
532.181	4.733738664E2
532.539	4.754158031E2
532.897	4.727914348E2
533.255	4.736890647E2
533.613	4.752924647E2
533.97	4.74408539E2
534.328	4.714210075E2
534.686	4.750115271E2
535.043	4.744427997E2
535.401	4.752307954E2
535.759	4.752856125E2
536.116	4.759160091E2
536.473	4.743879826E2
536.831	4.767725262E2
537.188	4.723803066E2
537.546	4.733875707E2
537.903	4.745113211E2
538.26	4.764778843E2
538.617	4.752170912E2
538.974	4.728668083E2
539.331	4.726886527E2
539.689	4.74353722E2
540.046	4.710578442E2
540.403	4.713113733E2
540.759	4.708728365E2
541.116	4.718184314E2
541.473	4.783279612E2
541.83	4.724351237E2
542.187	4.701533622E2
542.543	4.713730425E2
542.9	4.714689724E2
543.257	4.758748963E2
543.613	4.769986467E2
543.97	4.724693844E2
544.326	4.726886527E2
544.683	4.736616561E2
545.039	4.736959168E2
545.395	4.73504057E2
545.752	4.730244074E2
546.108	4.734766485E2
546.464	4.757310014E2
546.82	4.747100331E2
547.176	4.750046749E2
547.532	4.704342998E2
547.888	4.729832946E2
548.244	4.691118374E2
548.6	4.733396057E2
548.956	4.764436236E2
549.312	4.733807185E2
549.668	4.737507339E2
550.024	4.710167314E2
550.379	4.707426459E2
550.735	4.755665501E2
551.091	4.741687143E2
551.446	4.7094821E2
551.802	4.734766485E2
552.157	4.746620681E2
552.513	4.704548562E2
552.868	4.73305345E2
553.223	4.763888065E2
553.579	4.773892185E2
553.934	4.756693322E2
554.289	4.775399655E2
554.644	4.770945766E2
555	4.755802544E2
555.355	4.712085912E2
555.71	4.748470758E2
556.065	4.721062211E2
556.42	4.747237373E2
556.775	4.727708784E2
557.129	4.75059492E2
557.484	4.713524861E2
557.839	4.678441921E2
558.194	4.73702769E2
558.548	4.711400699E2
558.903	4.714621203E2
559.258	4.691323938E2
559.612	4.694133314E2
559.967	4.681045733E2
560.321	4.720925168E2
560.676	4.776221911E2
561.03	4.709550622E2
561.384	4.755185852E2
561.739	4.723323416E2
562.093	4.723666023E2
562.447	4.70797463E2
562.801	4.69043316E2
563.155	4.71297669E2
563.509	4.742303835E2
563.863	4.720308476E2
564.217	4.690296118E2
564.571	4.698107553E2
564.925	4.694133314E2
565.279	4.688171955E2
565.633	4.677414101E2
565.986	4.708180194E2
566.34	4.667821109E2
566.694	4.695846348E2
567.047	4.672617605E2
567.401	4.703657784E2
567.754	4.659804109E2
568.108	4.680360519E2
568.461	4.687075613E2
568.815	4.6703564E2
569.168	4.698724246E2
569.521	4.6543224E2
569.874	4.664600605E2
570.228	4.679195656E2
570.581	4.681593904E2
570.934	4.64431828E2
571.287	4.673028733E2
571.64	4.724214194E2
571.993	4.661791229E2
572.346	4.674125075E2
572.699	4.661311579E2
573.052	4.655898391E2
573.404	4.644592366E2
573.757	4.680840169E2
574.11	4.664395041E2
574.462	4.642468204E2
574.815	4.615744871E2
575.168	4.653020494E2
575.52	4.659941152E2
575.872	4.655898391E2
576.225	4.657885511E2
576.577	4.691323938E2
576.93	4.665148776E2
577.282	4.640755169E2
577.634	4.626502725E2
577.986	4.619445024E2
578.338	4.605535187E2
578.691	4.635410503E2
579.043	4.640481084E2
579.395	4.626091597E2
579.747	4.664669126E2
580.099	4.672549084E2
580.45	4.59416064E2
580.802	4.660626366E2
581.154	4.633834511E2
581.506	4.626297161E2
581.857	4.628010195E2
582.209	4.609440905E2
582.561	4.600875734E2
582.912	4.596490367E2
583.264	4.646579486E2
583.615	4.640069956E2
583.967	4.627119417E2
584.318	4.634451204E2
584.669	4.608892734E2
585.021	4.580045239E2
585.372	4.621158059E2
585.723	4.601218341E2
586.074	4.596216281E2
586.425	4.620472845E2
586.776	4.602725811E2
587.127	4.601423905E2
587.478	4.602588768E2
587.829	4.585801033E2
588.18	4.513168385E2
588.531	4.564216803E2
588.882	4.53900094E2
589.232	4.606288922E2
589.583	4.556747974E2
589.934	4.548662453E2
590.284	4.542838136E2
590.635	4.535917478E2
590.985	4.617183819E2
591.336	4.564285324E2
591.686	4.575043179E2
592.037	4.562298205E2
592.387	4.573535709E2
592.737	4.586965897E2
593.087	4.551403307E2
593.438	4.556473888E2
593.788	4.576756213E2
594.138	4.56209264E2
594.488	4.566478008E2
594.838	4.624035956E2
595.188	4.559146222E2
595.538	4.587788153E2
595.888	4.580045239E2
596.237	4.569629991E2
596.587	4.565039059E2
596.937	4.561612991E2
597.287	4.553664512E2
597.636	4.570794854E2
597.986	4.531532111E2
598.335	4.545784555E2
598.685	4.502342009E2
599.034	4.583813914E2
599.384	4.57860629E2
599.733	4.53447853E2
600.082	4.539137983E2
600.432	4.56908182E2
600.781	4.563120461E2
601.13	4.562161162E2
601.479	4.555583111E2
601.828	4.542906658E2
602.177	4.588815973E2
602.526	4.559488828E2
602.875	4.559283264E2
603.224	4.592858734E2
603.573	4.568259563E2
603.922	4.548319846E2
604.27	4.554692333E2
604.619	4.592584649E2
604.968	4.543934478E2
605.316	4.546743854E2
605.665	4.534204444E2
606.013	4.534752615E2
606.362	4.571068939E2
606.71	4.556131282E2
607.059	4.570794854E2
607.407	4.541056581E2
607.755	4.540988059E2
608.104	4.538589812E2
608.452	4.529750555E2
608.8	4.559214743E2
609.148	4.509810838E2
609.496	4.555446068E2
609.844	4.550649572E2
610.192	4.533108102E2
610.54	4.569287384E2
610.888	4.561750034E2
611.236	4.533587752E2
611.584	4.526324487E2
611.931	4.554349726E2
612.279	4.551882957E2
612.627	4.534410008E2
612.974	4.543865957E2
613.322	4.556336846E2
613.669	4.484115325E2
614.017	4.541330666E2
614.364	4.560036999E2
614.711	4.554144162E2
615.059	4.549758794E2
615.406	4.53351923E2
615.753	4.549073581E2
616.1	4.540782495E2
616.448	4.548799495E2
616.795	4.512209085E2
617.142	4.552979299E2
617.489	4.56558723E2
617.836	4.544277085E2
618.182	4.53701382E2
618.529	4.535780436E2
618.876	4.542289965E2
619.223	4.557912837E2
619.57	4.492749017E2
619.916	4.531052461E2
620.263	4.508234846E2
620.609	4.499121504E2
620.956	4.525844837E2
621.302	4.565107581E2
621.649	4.53900094E2
621.995	4.531669154E2
622.342	4.529339427E2
622.688	4.543934478E2
623.034	4.517622273E2
623.38	4.546743854E2
623.726	4.48939147E2
624.073	4.477742838E2
624.419	4.518376008E2
624.765	4.50193088E2
625.111	4.514470291E2
625.457	4.497682556E2
625.802	4.513648034E2
626.148	4.485965402E2
626.494	4.501999402E2
626.84	4.495969522E2
627.185	4.510701615E2
627.531	4.492063804E2
627.877	4.466779419E2
628.222	4.466231248E2
628.568	4.569218863E2
628.913	4.504123564E2
629.259	4.531532111E2
629.604	4.468698018E2
629.949	4.527009701E2
630.294	4.496038043E2
630.64	4.53900094E2
630.985	4.49740847E2
631.33	4.490145205E2
631.675	4.492611975E2
632.02	4.540439889E2
632.365	4.477879881E2
632.71	4.534958179E2
633.055	4.524542931E2
633.4	4.490624855E2
633.744	4.490145205E2
634.089	4.492543453E2
634.434	4.528928299E2
634.779	4.512825778E2
635.123	4.487609915E2
635.468	4.517690795E2
635.812	4.47883918E2
636.157	4.491926761E2
636.501	4.524063282E2
636.845	4.4728093E2
637.19	4.458008684E2
637.534	4.498367769E2
637.878	4.464381171E2
638.222	4.497819598E2
638.567	4.50289018E2
638.911	4.51494994E2
639.255	4.496654735E2
639.599	4.509468231E2
639.943	4.515292547E2
640.286	4.53701382E2
640.63	4.502753137E2
640.974	4.483978282E2
641.318	4.514401769E2
641.662	4.485828359E2
642.005	4.495695436E2
642.349	4.51241465E2
642.692	4.493297188E2
643.036	4.462873701E2
643.379	4.531806196E2
643.723	4.517622273E2
644.066	4.504055043E2
644.41	4.480415171E2
644.753	4.493913881E2
645.096	4.521596513E2
645.439	4.444578496E2
645.782	4.478976223E2
646.125	4.508097803E2
646.468	4.464107086E2
646.811	4.479661436E2
647.154	4.486170966E2
647.497	4.450060206E2
647.84	4.481305949E2
648.183	4.453554796E2
648.526	4.485006103E2
648.868	4.455062266E2
649.211	4.469109146E2
649.554	4.482813419E2
649.896	4.473905641E2
650.239	4.463627436E2
650.581	4.479935522E2
650.924	4.454308531E2
651.266	4.455541915E2
651.608	4.479113265E2
651.951	4.494119445E2
652.293	4.517416709E2
652.635	4.465203428E2
652.977	4.436904103E2
653.319	4.503986521E2
653.661	4.469246189E2
654.003	4.508029282E2
654.345	4.40915295E2
654.687	4.502753137E2
655.029	4.482539334E2
655.371	4.42669442E2
655.713	4.472740778E2
656.054	4.481648556E2
656.396	4.45376036E2
656.738	4.474453812E2
657.079	4.468766539E2
657.421	4.467464633E2
657.762	4.459447633E2
658.104	4.471918522E2
658.445	4.461092146E2
658.786	4.455062266E2
659.128	4.508234846E2
659.469	4.488980342E2
659.81	4.490213727E2
660.151	4.511592393E2
660.492	4.487472872E2
660.833	4.483978282E2
661.174	4.481031864E2
661.515	4.486308009E2
661.856	4.482470812E2
662.197	4.502958701E2
662.538	4.483567154E2
662.879	4.521665034E2
663.219	4.525913359E2
663.56	4.522281726E2
663.901	4.478976223E2
664.241	4.543660393E2
664.582	4.492337889E2
664.922	4.515086983E2
665.263	4.523652154E2
665.603	4.534547051E2
665.943	4.529819077E2
666.284	4.472740778E2
666.624	4.498778898E2
666.964	4.502684615E2
667.304	4.49336571E2
667.644	4.528037521E2
667.984	4.514264726E2
668.324	4.525159624E2
668.664	4.533724795E2
669.004	4.507069983E2
669.344	4.491104504E2
669.684	4.517416709E2
670.023	4.533313666E2
670.363	4.517553752E2
670.703	4.536808256E2
671.042	4.552431128E2
671.382	4.514470291E2
671.721	4.501451231E2
672.061	4.507755197E2
672.4	4.492269368E2
672.74	4.529065342E2
673.079	4.518787137E2
673.418	4.521733555E2
673.757	4.517896359E2
674.097	4.540713974E2
674.436	4.51042753E2
674.775	4.535300786E2
675.114	4.516800017E2
675.453	4.540645453E2
675.792	4.569629991E2
676.131	4.525296666E2
676.47	4.515977761E2
676.808	4.535574871E2
677.147	4.551814435E2
677.486	4.545716034E2
677.824	4.515772197E2
678.163	4.498162205E2
678.502	4.540234324E2
678.84	4.529407948E2
679.178	4.563737153E2
679.517	4.591282743E2
679.855	4.571822674E2
680.194	4.564353846E2
680.532	4.535986E2
680.87	4.570726333E2
681.208	4.576002478E2
681.546	4.542221444E2
681.884	4.567231743E2
682.222	4.547840196E2
682.56	4.593543948E2
682.898	4.575454307E2
683.236	4.536397128E2
683.574	4.545236384E2
683.912	4.556610931E2
684.249	4.546812376E2
684.587	4.505562513E2
684.925	4.605398144E2
685.262	4.562846375E2
685.6	4.562298205E2
685.937	4.520842778E2
686.275	4.523241025E2
686.612	4.526667094E2
686.949	4.499258547E2
687.287	4.52145947E2
687.624	4.526804137E2
687.961	4.523789196E2
688.298	4.549073581E2
688.635	4.548662453E2
688.972	4.537767555E2
689.309	4.542152923E2
689.646	4.533382188E2
689.983	4.524611453E2
690.32	4.555651632E2
690.657	4.584362085E2
690.994	4.576961777E2
691.33	4.553938598E2
691.667	4.533039581E2
692.004	4.628078717E2
692.34	4.593475426E2
692.677	4.57209676E2
693.013	4.56455941E2
693.35	4.595256982E2
693.686	4.589501187E2
694.022	4.597586708E2
694.359	4.543934478E2
694.695	4.564970538E2
695.031	4.56908182E2
695.367	4.568944777E2
695.703	4.576276563E2
696.039	4.579017418E2
696.375	4.611565067E2
696.711	4.588199281E2
697.047	4.60067017E2
697.383	4.606905614E2
697.719	4.571891196E2
698.054	4.619787631E2
698.39	4.604712931E2
698.726	4.607111178E2
699.061	4.597792272E2
699.397	4.609098298E2
699.732	4.608070477E2
700.068	4.557022059E2
700.403	4.636438323E2
700.738	4.619513546E2
701.074	4.593886555E2
701.409	4.596901495E2
701.744	4.61821164E2
702.079	4.618280161E2
702.414	4.611153939E2
702.749	4.622322922E2
703.084	4.636027195E2
703.419	4.613963315E2
703.754	4.621843272E2
704.089	4.611565067E2
704.424	4.633628947E2
704.759	4.61773199E2
705.093	4.620609888E2
705.428	4.613415144E2
705.763	4.619924674E2
706.097	4.614442965E2
706.432	4.625611947E2
706.766	4.611565067E2
707.1	4.635684588E2
707.435	4.624926734E2
707.769	4.624378563E2
708.103	4.617252341E2
708.438	4.615128178E2
708.772	4.635479024E2
709.106	4.675495502E2
709.44	4.660078195E2
709.774	4.629106537E2
710.108	4.665011733E2
710.442	4.634382682E2
710.776	4.629038016E2
711.11	4.666313639E2
711.443	4.628626888E2
711.777	4.639864392E2
712.111	4.65130746E2
712.444	4.683238417E2
712.778	4.652472323E2
713.111	4.643221939E2
713.445	4.651444503E2
713.778	4.659667067E2
714.112	4.654048315E2
714.445	4.673645425E2
714.778	4.675152896E2
715.112	4.652061195E2
715.445	4.715511981E2
715.778	4.599847913E2
716.111	4.595805153E2
716.444	4.565518709E2
716.777	4.604712931E2
717.11	4.572028239E2
717.443	4.579291503E2
717.776	4.55256817E2
718.108	4.590940136E2
718.441	4.542427008E2
718.774	4.570178162E2
719.106	4.565929837E2
719.439	4.531189504E2
719.772	4.580387845E2
720.104	4.5751117E2
720.436	4.618554247E2
720.769	4.621706229E2
721.101	4.632875212E2
721.433	4.62622864E2
721.766	4.605809272E2
722.098	4.564696452E2
722.43	4.600533127E2
722.762	4.605466666E2
723.094	4.596284802E2
723.426	4.596558888E2
723.758	4.590391965E2
724.09	4.541741795E2
724.422	4.563394546E2
724.754	4.579839674E2
725.085	4.620130238E2
725.417	4.601972076E2
725.749	4.574974657E2
726.08	4.591351264E2
726.412	4.605055537E2
726.743	4.588404845E2
727.075	4.579976717E2
727.406	4.599231221E2
727.737	4.620404324E2
728.069	4.563257504E2
728.4	4.592036478E2
728.731	4.561544469E2
729.062	4.595942196E2
729.393	4.612592888E2
729.725	4.625886033E2
730.056	4.604233281E2
730.386	4.60217764E2
730.717	4.580730452E2
731.048	4.618006076E2
731.379	4.624035956E2
731.71	4.651170417E2
732.04	4.619513546E2
732.371	4.660900451E2
732.702	4.581073059E2
733.032	4.651238939E2
733.363	4.606631529E2
733.693	4.640412563E2
734.024	4.596353324E2
734.354	4.589227102E2
734.684	4.632464084E2
735.015	4.63424564E2
735.345	4.67487881E2
735.675	4.667684067E2
736.005	4.625200819E2
736.335	4.613963315E2
736.665	4.64281081E2
736.995	4.640960734E2
737.325	4.611085418E2
737.655	4.619787631E2
737.985	4.636575366E2
738.314	4.635479024E2
738.644	4.596970016E2
738.974	4.641166298E2
739.303	4.606494486E2
739.633	4.625680469E2
739.962	4.629312101E2
740.292	4.607933435E2
740.621	4.682964331E2
740.95	4.639247699E2
741.28	4.615607828E2
741.609	4.611428024E2
741.938	4.59566811E2
742.267	4.627119417E2
742.596	4.630339922E2
742.926	4.664463562E2
743.255	4.628421323E2
743.583	4.638219879E2
743.912	4.654390921E2
744.241	4.637329101E2
744.57	4.621569187E2
744.899	4.597723751E2
745.227	4.623076657E2
745.556	4.646236879E2
745.885	4.626434204E2
746.213	4.619033896E2
746.542	4.639590306E2
746.87	4.646031315E2
747.199	4.633834511E2
747.527	4.634930853E2
747.855	4.661722708E2
748.184	4.616978255E2
748.512	4.600601649E2
748.84	4.617183819E2
749.168	4.637740229E2
749.496	4.620609888E2
749.824	4.620061717E2
750.152	4.61320958E2
750.48	4.636438323E2
750.808	4.561201863E2
751.135	4.607659349E2
751.463	4.608824213E2
751.791	4.594229161E2
752.119	4.58162123E2
752.446	4.602383204E2
752.774	4.600327563E2
753.101	4.5670947E2
753.429	4.602862854E2
753.756	4.603959195E2
754.083	4.614854093E2
754.411	4.592242042E2
754.738	4.586212162E2
755.065	4.566683572E2
755.392	4.578811854E2
755.719	4.625886033E2
756.046	4.592379085E2
756.373	4.601766512E2
756.7	4.582923136E2
757.027	4.598957136E2
757.354	4.61773199E2
757.681	4.557501709E2
758.008	4.560927777E2
758.334	4.57312458E2
758.661	4.484320889E2
758.987	4.48288194E2
759.314	4.434779941E2
759.64	4.394489377E2
759.967	4.331244156E2
760.293	4.330216335E2
760.62	4.357830446E2
760.946	4.395791283E2
761.272	4.432655779E2
761.598	4.429366753E2
761.924	4.399765523E2
762.25	4.388802104E2
762.577	4.446154488E2
762.902	4.415525437E2
763.228	4.382498138E2
763.554	4.409358514E2
763.88	4.453075146E2
764.206	4.460132847E2
764.532	4.446223009E2
764.857	4.495147265E2
765.183	4.471575915E2
765.508	4.507069983E2
765.834	4.503164265E2
766.159	4.507755197E2
766.485	4.488295128E2
766.81	4.502273487E2
767.136	4.503780957E2
767.461	4.479867E2
767.786	4.541878837E2
768.111	4.518513051E2
768.436	4.535986E2
768.761	4.551951478E2
769.086	4.529750555E2
769.411	4.509468231E2
769.736	4.541878837E2
770.061	4.535232265E2
770.386	4.52947647E2
770.711	4.526667094E2
771.035	4.530024641E2
771.36	4.547634632E2
771.685	4.54002876E2
772.009	4.543180743E2
772.334	4.540097282E2
772.658	4.509879359E2
772.983	4.531600632E2
773.307	4.522624333E2
773.631	4.509468231E2
773.955	4.533793316E2
774.28	4.531120983E2
774.604	4.528448649E2
774.928	4.488774778E2
775.252	4.50241053E2
775.576	4.515018461E2
775.9	4.541330666E2
776.224	4.570041119E2
776.548	4.524200325E2
776.871	4.535437829E2
777.195	4.481511513E2
777.519	4.522761376E2
777.842	4.517553752E2
778.166	4.522213205E2
778.49	4.495284308E2
778.813	4.514744376E2
779.136	4.500286368E2
779.46	4.498093684E2
779.783	4.527969E2
780.106	4.557775794E2
780.43	4.518718615E2
780.753	4.501656795E2
781.076	4.53249141E2
781.399	4.548662453E2
781.722	4.522281726E2
782.045	4.492954581E2
782.368	4.515018461E2
782.691	4.49891594E2
783.014	4.505288427E2
783.336	4.51693706E2
783.659	4.520705735E2
783.982	4.504123564E2
784.304	4.52097982E2
784.627	4.497751077E2
784.949	4.507069983E2
785.272	4.476166847E2
785.594	4.488021043E2
785.917	4.486787658E2
786.239	4.499738197E2
786.561	4.46129771E2
786.883	4.476646496E2
787.205	4.511181265E2
787.528	4.508714496E2
787.85	4.47082218E2
788.172	4.509810838E2
788.494	4.43320395E2
788.815	4.4567753E2
789.137	4.442659898E2
789.459	4.491995282E2
789.781	4.509262667E2
790.103	4.525639273E2
790.424	4.469451753E2
790.746	4.469999924E2
791.067	4.503643915E2
791.389	4.512551692E2
791.71	4.47130183E2
792.032	4.494050923E2
792.353	4.473014864E2
792.674	4.460406932E2
792.995	4.508234846E2
793.317	4.47383712E2
793.638	4.469177667E2
793.959	4.496723257E2
794.28	4.468560975E2
794.601	4.481511513E2
794.922	4.465408992E2
795.242	4.48384124E2
795.563	4.476989103E2
795.884	4.475139026E2
796.205	4.474111206E2
796.525	4.502204966E2
796.846	4.443824761E2
797.166	4.455130787E2
797.487	4.47733171E2
797.807	4.474590855E2
798.128	4.400313694E2
798.448	4.458556855E2
798.768	4.474727898E2
799.089	4.447936043E2
799.409	4.462668137E2
799.729	4.454993744E2
800.049	4.454171488E2
800.369	4.439576437E2
800.689	4.446702659E2
801.009	4.450676898E2
801.329	4.471987043E2
801.649	4.463695958E2
801.969	4.464723778E2
802.288	4.469794359E2
802.608	4.463558915E2
802.928	4.443550676E2
803.247	4.476166847E2
803.567	4.426146249E2
803.886	4.441974685E2
804.205	4.45828277E2
804.525	4.409495557E2
804.844	4.465957163E2
805.163	4.483293069E2
805.483	4.423131309E2
805.802	4.440672779E2
806.121	4.423748001E2
806.44	4.452458454E2
806.759	4.411893805E2
807.078	4.441289471E2
807.397	4.446908223E2
807.716	4.445811881E2
808.034	4.442796941E2
808.353	4.431833522E2
808.672	4.424227651E2
808.99	4.40716583E2
809.309	4.42970936E2
809.627	4.434368813E2
809.946	4.435396633E2
810.264	4.371397677E2
810.583	4.4327243E2
810.901	4.379209113E2
811.219	4.385787164E2
811.538	4.448826821E2
811.856	4.39613389E2
812.174	4.370438378E2
812.492	4.428544497E2
812.81	4.394831984E2
813.128	4.389076189E2
813.446	4.401341514E2
813.764	4.369821685E2
814.081	4.411756762E2
814.399	4.36454554E2
814.717	4.417855163E2
815.034	4.385033429E2
815.352	4.372836626E2
815.67	4.350567181E2
815.987	4.343372438E2
816.304	4.399217352E2
816.622	4.38859654E2
816.939	4.365162232E2
817.256	4.36906795E2
817.574	4.33597213E2
817.891	4.365984489E2
818.208	4.361599121E2
818.525	4.375371916E2
818.842	4.342070532E2
819.159	4.355980369E2
819.476	4.379277634E2
819.793	4.360434258E2
820.109	4.387774283E2
820.426	4.366190053E2
820.743	4.367423438E2
821.06	4.349881968E2
821.376	4.325488361E2
821.693	4.356734104E2
822.009	4.316649105E2
822.326	4.366464138E2
822.642	4.329805207E2
822.958	4.361325036E2
823.275	4.322884549E2
823.591	4.389761403E2
823.907	4.39462642E2
824.223	4.375440437E2
824.539	4.361873207E2
824.855	4.403534198E2
825.171	4.384142651E2
825.487	4.385787164E2
825.803	4.3935986E2
826.119	4.3695476E2
826.434	4.340426019E2
826.75	4.391885565E2
827.066	4.381744403E2
827.381	4.343029831E2
827.697	4.357761925E2
828.012	4.319595524E2
828.328	4.316786148E2
828.643	4.370095771E2
828.959	4.355089592E2
829.274	4.317060233E2
829.589	4.371397677E2
829.904	4.346935549E2
830.219	4.346113293E2
830.534	4.361667643E2
830.849	4.38708907E2
831.164	4.370712463E2
831.479	4.377016429E2
831.794	4.372699583E2
832.109	4.384279694E2
832.424	4.326858788E2
832.738	4.33645178E2
833.053	4.371260634E2
833.368	4.34296131E2
833.682	4.36002313E2
833.997	4.393941206E2
834.311	4.384622301E2
834.626	4.337205515E2
834.94	4.370712463E2
835.254	4.3775646E2
835.568	4.347620763E2
835.883	4.3224049E2
836.197	4.338575942E2
836.511	4.350156053E2
836.825	4.369616121E2
837.139	4.348580062E2
837.453	4.372699583E2
837.766	4.402300813E2
838.08	4.386061249E2
838.394	4.369958728E2
838.708	4.382018489E2
839.021	4.33597213E2
839.335	4.39161148E2
839.648	4.374001489E2
839.962	4.351046831E2
840.275	4.341796446E2
840.589	4.340905669E2
840.902	4.347278156E2
841.215	4.360639822E2
841.529	4.35851566E2
841.842	4.397298753E2
842.155	4.38057954E2
842.468	4.399971087E2
842.781	4.372219933E2
843.094	4.339329677E2
843.407	4.354678463E2
843.72	4.324529062E2
844.032	4.359132352E2
844.345	4.309591404E2
844.658	4.371260634E2
844.97	4.353033951E2
845.283	4.32692731E2
845.595	4.321034472E2
845.908	4.322610464E2
846.22	4.331175635E2
846.533	4.340151934E2
846.845	4.35049866E2
847.157	4.349607882E2
847.47	4.323843848E2
847.782	4.317128754E2
848.094	4.332203455E2
848.406	4.345770686E2
848.718	4.362558421E2
849.03	4.361804685E2
849.342	4.330695985E2
849.653	4.294448182E2
849.965	4.312674866E2
850.277	4.374823745E2
850.589	4.272932473E2
850.9	4.348374498E2
851.212	4.323090113E2
851.523	4.317197276E2
851.835	4.325351318E2
852.146	4.309317319E2
852.458	4.343440959E2
852.769	4.319527002E2
853.08	4.309796968E2
853.391	4.299587284E2
853.702	4.326310618E2
854.014	4.346318857E2
854.325	4.290062815E2
854.636	4.343029831E2
854.946	4.303767088E2
855.257	4.318978831E2
855.568	4.330558942E2
855.879	4.266902593E2
856.19	4.334738746E2
856.5	4.28732196E2
856.811	4.324254977E2
857.121	4.306782028E2
857.432	4.318293618E2
857.742	4.330010771E2
858.053	4.325625404E2
858.363	4.303630045E2
858.673	4.324871669E2
858.984	4.274508464E2
859.294	4.313428601E2
859.604	4.316991712E2
859.914	4.334533182E2
860.224	4.322130814E2
860.534	4.264093217E2
860.844	4.283416242E2
861.154	4.315073113E2
861.464	4.315141635E2
861.773	4.331655284E2
862.083	4.308152455E2
862.393	4.278551225E2
862.702	4.291570285E2
863.012	4.324323498E2
863.321	4.319732566E2
863.631	4.278071575E2
863.94	4.312263737E2
864.249	4.305822729E2
864.559	4.319389959E2
864.868	4.29081655E2
865.177	4.319115874E2
865.486	4.28533484E2
865.795	4.308152455E2
866.104	4.320965951E2
866.413	4.302191096E2
866.722	4.316512062E2
867.031	4.284786669E2
867.34	4.294996353E2
867.648	4.311441481E2
867.957	4.336862908E2
868.266	4.268889712E2
868.574	4.300615105E2
868.883	4.319047353E2
869.191	4.314182336E2
869.5	4.301917011E2
869.808	4.287870131E2
870.116	4.285883011E2
870.424	4.294379661E2
870.733	4.299518763E2
871.041	4.287253438E2
871.349	4.333162754E2
871.657	4.266834071E2
871.965	4.283621806E2
872.273	4.282593986E2
872.581	4.272452823E2
872.888	4.296435302E2
873.196	4.275536285E2
873.504	4.289651686E2
873.812	4.3063709E2
874.119	4.25874855E2
874.427	4.28882943E2
874.734	4.286362661E2
875.042	4.271630567E2
875.349	4.307604284E2
875.656	4.302807789E2
875.964	4.284101456E2
876.271	4.276015934E2
876.578	4.253129798E2
876.885	4.315621284E2
877.192	4.249361123E2
877.499	4.250046336E2
877.806	4.272932473E2
878.113	4.298011293E2
878.42	4.265600687E2
878.727	4.271356481E2
879.033	4.289377601E2
879.34	4.305685686E2
879.647	4.269711969E2
879.953	4.28382737E2
880.26	4.261352362E2
880.566	4.240521866E2
880.873	4.321102994E2
881.179	4.286499703E2
881.485	4.262106097E2
881.791	4.26224314E2
882.098	4.320212216E2
882.404	4.259913413E2
882.71	4.267176678E2
883.016	4.268341541E2
883.322	4.268204499E2
883.628	4.263202439E2
883.934	4.287116396E2
884.239	4.267519285E2
884.545	4.251348242E2
884.851	4.274165857E2
885.157	4.250937114E2
885.462	4.270945353E2
885.768	4.30088919E2
886.073	4.268752669E2
886.379	4.311030353E2
886.684	4.254637268E2
886.989	4.278208618E2
887.294	4.273206558E2
887.6	4.261557926E2
887.905	4.24970373E2
888.21	4.261215319E2
888.515	4.314524942E2
888.82	4.27882531E2
889.125	4.260598627E2
889.43	4.272658387E2
889.735	4.27478255E2
890.039	4.216950516E2
890.344	4.271836131E2
890.649	4.232504866E2
890.953	4.261557926E2
891.258	4.277934533E2
891.562	4.237643969E2
891.867	4.245660969E2
892.171	4.26375061E2
892.476	4.24771661E2
892.78	4.253883533E2
893.084	4.273686208E2
893.388	4.252170499E2
893.692	4.250320422E2
893.996	4.263613567E2
894.3	4.259296721E2
894.604	4.285951533E2
894.908	4.252444584E2
895.212	4.24271455E2
895.516	4.235314243E2
895.82	4.237369884E2
896.123	4.278345661E2
896.427	4.235588328E2
896.731	4.232299302E2
897.034	4.237027277E2
897.338	4.248470345E2
897.641	4.274097336E2
897.944	4.183923217E2
898.248	4.257652208E2
898.551	4.245249841E2
898.854	4.257515165E2
899.157	4.258063336E2
899.46	4.260324541E2
899.763	4.256281781E2
900.066	4.249840772E2
900.369	4.229215841E2
900.672	4.227502807E2
900.975	4.235382764E2
901.278	4.227708371E2
901.58	4.229284362E2
901.883	4.235656849E2
902.185	4.205164841E2
902.488	4.276769669E2
902.79	4.267450764E2
903.093	4.260050456E2
903.395	4.235108678E2
903.698	4.235862413E2
904	4.243468285E2
904.302	4.255391003E2
904.604	4.285471883E2
904.906	4.260324541E2
905.208	4.237095798E2
905.51	4.259365242E2
905.812	4.237164319E2
906.114	4.261694969E2
906.416	4.244564627E2
906.718	4.248675909E2
907.019	4.231271482E2
907.321	4.180702713E2
907.623	4.216402345E2
907.924	4.288418302E2
908.226	4.213730012E2
908.527	4.271425003E2
908.828	4.269711969E2
909.13	4.245044277E2
909.431	4.244290542E2
909.732	4.2191432E2
910.033	4.223597089E2
910.334	4.243947935E2
910.635	4.237438405E2
910.936	4.236890234E2
911.237	4.213181841E2
911.538	4.228804713E2
911.839	4.209687251E2
912.14	4.244496106E2
912.441	4.224830473E2
912.741	4.208042739E2
913.042	4.225378644E2
913.342	4.238397704E2
913.643	4.249909294E2
913.943	4.245798012E2
914.244	4.206261183E2
914.544	4.190158662E2
914.844	4.229078798E2
915.144	4.205987098E2
915.445	4.175152483E2
915.745	4.175837696E2
916.045	4.218389465E2
916.345	4.236753191E2
916.645	4.205575969E2
916.945	4.235725371E2
917.244	4.202286944E2
917.544	4.247031396E2
917.844	4.226954636E2
918.144	4.235656849E2
918.443	4.209002038E2
918.743	4.227776892E2
919.042	4.233738251E2
919.342	4.243879413E2
919.641	4.221198841E2
919.94	4.23469755E2
920.24	4.239562567E2
920.539	4.234012337E2
920.838	4.213387405E2
921.137	4.210029858E2
921.436	4.24017926E2
921.735	4.222363704E2
922.034	4.22969549E2
922.333	4.240384824E2
922.632	4.225995337E2
922.931	4.180908277E2
923.229	4.245798012E2
923.528	4.236821713E2
923.826	4.203931457E2
924.125	4.26327096E2
924.424	4.224008217E2
924.722	4.193927337E2
925.02	4.185156602E2
925.319	4.259091157E2
925.617	4.219896935E2
925.915	4.214483747E2
926.213	4.210989157E2
926.511	4.273480644E2
926.809	4.201053559E2
927.107	4.242440465E2
927.405	4.210920636E2
927.703	4.246962875E2
928.001	4.210989157E2
928.299	4.232299302E2
928.597	4.250800071E2
928.894	4.227639849E2
929.192	4.219006157E2
929.489	4.224967516E2
929.787	4.201875816E2
930.084	4.237575448E2
930.382	4.221815533E2
930.679	4.216539388E2
930.976	4.209824294E2
931.274	4.209344645E2
931.571	4.199477568E2
931.868	4.219348764E2
932.165	4.181319406E2
932.462	4.220719191E2
932.759	4.197696012E2
933.056	4.206466747E2
933.352	4.221952576E2
933.649	4.182689833E2
933.946	4.169670773E2
934.243	4.197284884E2
934.539	4.178715594E2
934.836	4.232230781E2
935.132	4.196188542E2
935.429	4.210920636E2
935.725	4.206192662E2
936.021	4.191460568E2
936.318	4.231956696E2
936.614	4.172137542E2
936.91	4.18056567E2
937.206	4.213592969E2
937.502	4.19255691E2
937.798	4.206877875E2
938.094	4.231888174E2
938.39	4.203931457E2
938.686	4.18954197E2
938.981	4.208522388E2
939.277	4.187965978E2
939.573	4.170767115E2
939.868	4.189336405E2
940.164	4.226406465E2
940.459	4.204068499E2
940.755	4.234423465E2
941.05	4.232641909E2
941.345	4.195023679E2
941.641	4.21564861E2
941.936	4.202355465E2
942.231	4.17302832E2
942.526	4.214346704E2
942.821	4.20461667E2
943.116	4.186389987E2
943.411	4.229832533E2
943.706	4.175083961E2
944.001	4.185088081E2
944.295	4.18152497E2
944.59	4.209961337E2
944.885	4.175769175E2
945.179	4.198997918E2
945.474	4.175563611E2
945.768	4.210235422E2
946.063	4.189473448E2
946.357	4.191392046E2
946.651	4.200368345E2
946.946	4.218526508E2
947.24	4.185225123E2
947.534	4.20913908E2
947.828	4.180839756E2
948.122	4.163846457E2
948.416	4.204685192E2
948.71	4.220924755E2
949.004	4.187760414E2
949.297	4.218732072E2
949.591	4.196942277E2
949.885	4.24620914E2
950.178	4.199683132E2
950.472	4.229010277E2
950.766	4.212565149E2
951.059	4.193790294E2
951.352	4.200162781E2
951.646	4.173233884E2
951.939	4.225104559E2
952.232	4.189404927E2
952.525	4.182689833E2
952.818	4.180634192E2
953.112	4.207700132E2
953.405	4.217567209E2
953.697	4.184813995E2
953.99	4.168779995E2
954.283	4.160557431E2
954.576	4.210715072E2
954.869	4.181730534E2
955.161	4.196257063E2
955.454	4.171315286E2
955.746	4.193105081E2
956.039	4.189336405E2
956.331	4.164600192E2
956.624	4.203999978E2
956.916	4.183717653E2
957.208	4.189679012E2
957.501	4.172069021E2
957.793	4.177345166E2
958.085	4.145756816E2
958.377	4.193653252E2
958.669	4.215031918E2
958.961	4.213181841E2
959.253	4.207083439E2
959.544	4.213661491E2
959.836	4.187349286E2
960.128	4.162133423E2
960.419	4.186869636E2
960.711	4.220856234E2
961.003	4.195777414E2
961.294	4.177345166E2
961.585	4.206672311E2
961.877	4.182826876E2
962.168	4.192488388E2
962.459	4.196531149E2
962.751	4.214004097E2
963.042	4.217909815E2
963.333	4.201396166E2
963.624	4.182621311E2
963.915	4.195229243E2
964.206	4.237506926E2
964.496	4.214894875E2
964.787	4.162270466E2
965.078	4.212222542E2
965.369	4.179606371E2
965.659	4.191529089E2
965.95	4.171931978E2
966.24	4.188993799E2
966.531	4.209892815E2
966.821	4.19406438E2
967.111	4.190501269E2
967.402	4.195297764E2
967.692	4.16651879E2
967.982	4.1720005E2
968.272	4.182004619E2
968.562	4.226954636E2
968.852	4.194132901E2
969.142	4.201327645E2
969.432	4.127461611E2
969.722	4.186801115E2
970.012	4.203177722E2
970.301	4.193516209E2
970.591	4.16350385E2
970.881	4.2191432E2
971.17	4.197627491E2
971.46	4.186527029E2
971.749	4.179674893E2
972.038	4.206946397E2
972.328	4.183306525E2
972.617	4.192145781E2
972.906	4.164394628E2
973.195	4.210235422E2
973.484	4.17302832E2
973.773	4.19858679E2
974.062	4.237575448E2
974.351	4.17604326E2
974.64	4.181936098E2
974.929	4.19207726E2
975.217	4.163640893E2
975.506	4.172754235E2
975.795	4.149319927E2
976.083	4.172137542E2
976.372	4.174467269E2
976.66	4.207426046E2
976.949	4.174261705E2
977.237	4.215991217E2
977.525	4.158912919E2
977.813	4.18755485E2
978.102	4.199203482E2
978.39	4.212359585E2
978.678	4.193790294E2
978.966	4.212085499E2
979.254	4.181867576E2
979.542	4.215991217E2
979.829	4.176934038E2
980.117	4.162270466E2
980.405	4.173782055E2
980.692	4.172343106E2
980.98	4.197490448E2
981.268	4.18303244E2
981.555	4.208179781E2
981.842	4.183306525E2
982.13	4.194818115E2
982.417	4.164668713E2
982.704	4.176111782E2
982.991	4.136026782E2
983.279	4.181456448E2
983.566	4.165628013E2
983.853	4.195503328E2
984.14	4.1800175E2
984.426	4.202561029E2
984.713	4.177413688E2
985	4.165422448E2
985.287	4.197010799E2
985.573	4.190775354E2
985.86	4.190432747E2
986.147	4.208042739E2
986.433	4.177002559E2
986.72	4.182758354E2
987.006	4.20612414E2
987.292	4.159049961E2
987.578	4.204068499E2
987.865	4.207494568E2
988.151	4.196531149E2
988.437	4.172891277E2
988.723	4.168300346E2
989.009	4.158022141E2
989.295	4.169739295E2
989.581	4.198175662E2
989.866	4.221472926E2
990.152	4.175221004E2
990.438	4.210509508E2
990.724	4.183923217E2
991.009	4.166176183E2
991.295	4.174193183E2
991.58	4.161585252E2
991.865	4.185156602E2
992.151	4.195845935E2
992.436	4.177071081E2
992.721	4.169122602E2
993.006	4.170972679E2
993.292	4.170561551E2
993.577	4.148908799E2
993.862	4.182963918E2
994.146	4.159049961E2
994.431	4.174878397E2
994.716	4.174330226E2
995.001	4.192351346E2
995.286	4.166313226E2
995.57	4.195229243E2
995.855	4.170972679E2
996.139	4.13945285E2
996.424	4.188788234E2
996.708	4.17453579E2
996.993	4.171246765E2
997.277	4.208796474E2
997.561	4.156720235E2
997.845	4.176454388E2
998.129	4.149799577E2
998.413	4.1790582E2
998.697	4.198929397E2
998.981	4.171109722E2
999.265	4.183512089E2
999.549	4.21009838E2
999.833	4.205027798E2
1000.117	4.1720005E2
1000.4	4.185362166E2
1000.684	4.175700653E2
1000.967	4.192488388E2
1001.251	4.187006679E2
1001.534	4.202423986E2
1001.818	4.159118483E2
1002.101	4.18604738E2
1002.384	4.174672833E2
1002.667	4.193447687E2
1002.951	4.163846457E2
1003.234	4.152334867E2
1003.517	4.185636252E2
1003.8	4.227023157E2
1004.082	4.148223585E2
1004.365	4.183100961E2
1004.648	4.139315808E2
1004.931	4.216744952E2
1005.213	4.234217901E2
1005.496	4.162955679E2
1005.779	4.215991217E2
1006.061	4.177756294E2
1006.344	4.160831517E2
1006.626	4.160900038E2
1006.908	4.172069021E2
1007.19	4.154596073E2
1007.473	4.191940217E2
1007.755	4.181113841E2
1008.037	4.214072619E2
1008.319	4.159049961E2
1008.601	4.185019559E2
1008.883	4.176659953E2
1009.165	4.147812457E2
1009.446	4.191255004E2
1009.728	4.195640371E2
1010.01	4.180702713E2
1010.291	4.16000926E2
1010.573	4.176796995E2
1010.854	4.154801637E2
1011.136	4.172480149E2
1011.417	4.167546611E2
1011.699	4.183923217E2
1011.98	4.187897457E2
1012.261	4.179195243E2
1012.542	4.167478089E2
1012.823	4.155760936E2
1013.104	4.174056141E2
1013.385	4.189130841E2
1013.666	4.176111782E2
1013.947	4.185225123E2
1014.228	4.168231824E2
1014.509	4.208933516E2
1014.789	4.169122602E2
1015.07	4.164668713E2
1015.35	4.161242645E2
1015.631	4.172137542E2
1015.911	4.166107662E2
1016.192	4.182758354E2
1016.472	4.17152085E2
1016.752	4.193516209E2
1017.033	4.144386389E2
1017.313	4.16247603E2
1017.593	4.159392568E2
1017.873	4.156240585E2
1018.153	4.165559491E2
1018.433	4.22017102E2
1018.713	4.195229243E2
1018.992	4.17350797E2
1019.272	4.198860875E2
1019.552	4.191392046E2
1019.831	4.135547133E2
1020.111	4.213524448E2
1020.391	4.143358568E2
1020.67	4.147606893E2
1020.949	4.227639849E2
1021.229	4.227639849E2
1021.508	4.227639849E2
